-- IR Start -- 1051078 --
19.46 19.70 20.34 19.97 19.58 19.33 19.40 19.67 19.50 19.44 19.59 19.66 19.05 18.94 19.27 18.90 
18.99 20.25 20.64 20.55 20.32 20.37 20.41 20.35 20.28 20.13 20.13 20.12 20.18 20.11 20.30 20.16 
19.76 20.48 20.93 21.22 21.57 22.60 22.97 22.92 22.47 22.40 22.34 22.35 22.10 21.95 21.61 21.68 
21.18 21.46 21.98 23.75 28.28 33.13 34.22 32.86 30.83 29.46 28.13 26.84 25.74 24.60 23.84 23.07 
22.09 21.79 23.42 29.56 45.20 58.39 59.18 54.28 49.04 44.12 38.71 34.54 30.92 28.18 26.04 24.58 
22.96 22.08 24.49 34.57 60.50 87.67 87.76 75.25 66.93 59.05 50.75 42.75 36.64 31.90 28.15 25.92 
21.44 22.09 24.14 31.97 52.27 74.55 82.47 80.03 73.24 65.43 57.62 48.73 41.03 34.74 30.07 26.89 
22.38 22.29 22.71 25.71 34.09 46.26 55.85 60.62 61.87 58.58 53.94 47.75 41.38 35.21 30.66 27.87 
18.45 21.55 22.21 22.61 24.60 28.52 33.53 38.27 40.82 40.87 38.88 35.29 31.16 27.53 24.64 23.26 
17.79 20.78 21.75 21.97 22.27 22.31 22.81 23.00 22.72 22.61 22.64 22.56 24.95 22.23 21.98 22.14 
17.84 20.11 21.50 21.73 21.85 21.66 21.66 21.50 21.27 21.18 21.48 20.89 21.39 19.73 21.70 20.84 
18.83 18.79 18.94 18.75 23.37 23.57 20.29 18.41 18.20 18.41 20.18 19.64 20.91 18.39 21.40 20.38 
-- IR Stop --
