-- IR Start -- 1526203 --
18.45 19.08 19.52 19.11 19.49 19.82 19.95 20.00 19.98 19.93 19.99 20.16 19.67 19.48 19.44 19.51 
18.75 20.51 20.89 20.96 20.89 20.85 20.88 20.89 20.67 20.60 20.60 20.59 20.59 20.36 20.46 20.42 
18.97 21.07 21.50 21.78 22.81 23.80 24.64 24.89 24.34 24.06 23.38 22.66 22.34 21.95 21.77 21.16 
20.70 21.62 22.52 24.64 28.85 32.75 34.81 34.08 32.33 30.46 28.49 26.71 25.53 24.20 23.40 22.39 
21.01 22.20 24.04 29.64 39.44 52.29 58.62 54.56 47.15 40.94 36.36 32.51 29.40 27.02 25.30 23.93 
21.12 22.32 24.88 33.07 49.99 75.59 92.09 83.99 67.50 52.75 43.17 37.32 33.36 29.66 26.86 25.18 
20.91 22.49 24.75 31.72 44.87 67.07 85.06 83.56 70.66 57.13 46.17 39.73 35.50 31.81 28.39 26.24 
22.02 22.29 23.33 27.36 33.86 42.59 50.73 54.25 52.75 47.31 42.05 38.19 34.93 31.83 28.85 26.69 
20.52 22.53 22.53 24.08 26.99 30.25 33.37 35.45 35.80 34.90 33.22 31.07 28.44 25.92 23.76 22.55 
18.94 21.80 21.91 22.28 22.73 22.76 22.90 22.89 22.53 22.48 22.18 22.05 22.51 21.71 21.69 21.60 
18.41 21.09 21.67 21.98 21.94 21.53 21.53 21.44 21.21 21.19 21.42 20.90 21.39 19.44 22.04 20.66 
17.92 18.56 18.93 18.30 18.56 17.63 17.89 18.27 18.29 18.58 20.89 19.89 20.99 18.85 21.95 20.52 
-- IR Stop --
