-- IR Start -- 576125 --

21.04 19.90 20.71 20.76 20.69 20.09 20.06 19.86 19.69 19.39 19.70 20.52 21.21 22.37 22.33 19.11 
20.49 19.06 19.22 18.91 18.87 18.88 18.98 18.85 18.87 18.53 18.53 18.75 18.78 18.71 18.90 18.90 
20.35 18.76 19.30 19.09 18.88 18.74 18.93 19.10 18.86 18.87 18.90 19.14 18.87 18.90 18.93 19.14 
19.90 19.29 19.35 18.97 19.16 18.87 19.10 18.97 18.75 18.81 18.94 19.00 18.98 18.92 19.02 19.40 
19.88 19.49 19.31 19.16 19.09 18.88 18.89 18.97 18.88 18.68 18.87 18.99 19.05 19.11 19.20 19.33 
19.83 19.24 19.27 19.07 18.90 18.89 19.12 18.92 18.99 18.90 18.95 19.14 19.05 19.08 19.35 19.56 
19.45 19.18 19.34 18.99 18.78 18.89 19.03 18.91 18.89 18.90 19.15 19.27 19.40 19.37 19.75 19.56 
19.13 19.42 19.35 19.31 19.03 19.09 19.15 19.19 19.25 19.16 19.21 19.48 19.40 19.45 19.73 19.97 
17.09 19.07 19.49 19.30 19.23 19.15 19.22 19.29 19.21 19.20 19.11 19.45 19.36 19.15 19.45 19.47 
16.70 18.70 19.17 19.10 19.23 19.13 19.13 19.07 19.14 19.11 19.08 19.11 19.07 19.09 19.29 19.03 
16.71 18.55 19.47 19.44 19.17 19.12 18.96 19.03 18.95 18.77 18.87 19.00 18.92 18.02 19.90 19.09 
16.34 17.28 17.79 16.99 17.18 16.49 16.69 17.19 17.12 17.25 18.80 18.66 19.10 17.42 19.87 19.07 
-- IR Stop --
